{
  "left": {
    "precision": 0.9359959037378393,
    "recall": 0.8474733426054706,
    "f1-score": 0.8895377128953771,
    "support": 2157.0
  },
  "right": {
    "precision": 0.8708284255987436,
    "recall": 0.9466495945369184,
    "f1-score": 0.907157464212679,
    "support": 2343.0
  },
  "accuracy": 0.8991111111111111,
  "macro avg": {
    "precision": 0.9034121646682914,
    "recall": 0.8970614685711945,
    "f1-score": 0.898347588554028,
    "support": 4500.0
  },
  "weighted avg": {
    "precision": 0.9020653701200835,
    "recall": 0.8991111111111111,
    "f1-score": 0.8987117300812523,
    "support": 4500.0
  }
}