{
  "left": {
    "precision": 0.9312865497076024,
    "recall": 0.885952712100139,
    "f1-score": 0.9080541696364932,
    "support": 2157.0
  },
  "right": {
    "precision": 0.8995098039215687,
    "recall": 0.939820742637644,
    "f1-score": 0.9192235441452724,
    "support": 2343.0
  },
  "accuracy": 0.914,
  "macro avg": {
    "precision": 0.9153981768145856,
    "recall": 0.9128867273688915,
    "f1-score": 0.9136388568908829,
    "support": 4500.0
  },
  "weighted avg": {
    "precision": 0.9147414574016741,
    "recall": 0.914,
    "f1-score": 0.9138696906307309,
    "support": 4500.0
  }
}