{
  "left": {
    "precision": 0.9370229007633588,
    "recall": 0.9105238757533611,
    "f1-score": 0.9235833529273454,
    "support": 2157.0
  },
  "right": {
    "precision": 0.9197171381031614,
    "recall": 0.9436619718309859,
    "f1-score": 0.9315357067621656,
    "support": 2343.0
  },
  "accuracy": 0.9277777777777778,
  "macro avg": {
    "precision": 0.92837001943326,
    "recall": 0.9270929237921735,
    "f1-score": 0.9275595298447554,
    "support": 4500.0
  },
  "weighted avg": {
    "precision": 0.9280123670049495,
    "recall": 0.9277777777777778,
    "f1-score": 0.9277238784906751,
    "support": 4500.0
  }
}