{
  "left": {
    "precision": 0.9387065637065637,
    "recall": 0.9017153453871117,
    "f1-score": 0.9198392054859305,
    "support": 2157.0
  },
  "right": {
    "precision": 0.9126853377265239,
    "recall": 0.9457959880495092,
    "f1-score": 0.9289457136868581,
    "support": 2343.0
  },
  "accuracy": 0.9246666666666666,
  "macro avg": {
    "precision": 0.9256959507165439,
    "recall": 0.9237556667183104,
    "f1-score": 0.9243924595863943,
    "support": 4500.0
  },
  "weighted avg": {
    "precision": 0.9251581787129565,
    "recall": 0.9246666666666666,
    "f1-score": 0.9245806607558801,
    "support": 4500.0
  }
}