{
  "left": {
    "precision": 0.8871965730604474,
    "recall": 0.8641631896152063,
    "f1-score": 0.8755284170972287,
    "support": 2157.0
  },
  "right": {
    "precision": 0.877865777407253,
    "recall": 0.8988476312419974,
    "f1-score": 0.8882328131590046,
    "support": 2343.0
  },
  "accuracy": 0.8822222222222222,
  "macro avg": {
    "precision": 0.8825311752338503,
    "recall": 0.8815054104286019,
    "f1-score": 0.8818806151281167,
    "support": 4500.0
  },
  "weighted avg": {
    "precision": 0.8823383387903508,
    "recall": 0.8822222222222222,
    "f1-score": 0.8821431726467267,
    "support": 4500.0
  }
}